{
 "cells": [
  {
   "cell_type": "markdown",
   "metadata": {},
   "source": [
    "# Exercise 1: Exploratory Data Analysis\n",
    "\n",
    "* Get the CalCofi data set  from https://www.kaggle.com/datasets/sohier/calcofi\n",
    "* Work with the bottle.csv data.\n",
    "* Use Julia to clean it (see below)\n",
    "* Use Julia to do the  list of EDA tasks listed below\n",
    "* Produce a report showing your code and your results\n",
    "* Submit your project following the submission guidelines\n"
   ]
  },
  {
   "cell_type": "code",
   "execution_count": 2,
   "metadata": {},
   "outputs": [
    {
     "name": "stdout",
     "output_type": "stream",
     "text": [
      "Here we Julia!\n"
     ]
    }
   ],
   "source": [
    "println(\"Here we Julia!\")"
   ]
  },
  {
   "cell_type": "code",
   "execution_count": 169,
   "metadata": {},
   "outputs": [],
   "source": [
    "import Pkg; \n",
    "# Pkg.add(\"DataFrames\");\n",
    "# Pkg.add(\"CSV\");\n",
    "# Pkg.add(\"Statistics\");\n",
    "# Pkg.add(\"Plots\");\n",
    "\n",
    "\n",
    "using DataFrames\n",
    "using CSV\n",
    "using Statistics\n",
    "using Plots\n",
    "\n",
    "\n",
    "Pkg.offline(true)\n"
   ]
  },
  {
   "cell_type": "markdown",
   "metadata": {},
   "source": [
    "## dataShape\n",
    "Get shape of the data"
   ]
  },
  {
   "cell_type": "code",
   "execution_count": 137,
   "metadata": {},
   "outputs": [],
   "source": [
    "bt = CSV.read(\"./dat/bottle.csv\", DataFrame);"
   ]
  },
  {
   "cell_type": "code",
   "execution_count": 94,
   "metadata": {},
   "outputs": [
    {
     "name": "stdout",
     "output_type": "stream",
     "text": [
      "typeof(bt) = DataFrame\n",
      "size(bt) = (864863, 74)\n",
      "names(bt) = [\"Cst_Cnt\", \"Btl_Cnt\", \"Sta_ID\", \"Depth_ID\", \"Depthm\", \"T_degC\", \"Salnty\", \"O2ml_L\", \"STheta\", \"O2Sat\", \"Oxy_µmol/Kg\", \"BtlNum\", \"RecInd\", \"T_prec\", \"T_qual\", \"S_prec\", \"S_qual\", \"P_qual\", \"O_qual\", \"SThtaq\", \"O2Satq\", \"ChlorA\", \"Chlqua\", \"Phaeop\", \"Phaqua\", \"PO4uM\", \"PO4q\", \"SiO3uM\", \"SiO3qu\", \"NO2uM\", \"NO2q\", \"NO3uM\", \"NO3q\", \"NH3uM\", \"NH3q\", \"C14As1\", \"C14A1p\", \"C14A1q\", \"C14As2\", \"C14A2p\", \"C14A2q\", \"DarkAs\", \"DarkAp\", \"DarkAq\", \"MeanAs\", \"MeanAp\", \"MeanAq\", \"IncTim\", \"LightP\", \"R_Depth\", \"R_TEMP\", \"R_POTEMP\", \"R_SALINITY\", \"R_SIGMA\", \"R_SVA\", \"R_DYNHT\", \"R_O2\", \"R_O2Sat\", \"R_SIO3\", \"R_PO4\", \"R_NO3\", \"R_NO2\", \"R_NH4\", \"R_CHLA\", \"R_PHAEO\", \"R_PRES\", \"R_SAMP\", \"DIC1\", \"DIC2\", \"TA1\", \"TA2\", \"pH2\", \"pH1\", \"DIC Quality Comment\"]\n"
     ]
    },
    {
     "data": {
      "text/plain": [
       "74-element Vector{String}:\n",
       " \"Cst_Cnt\"\n",
       " \"Btl_Cnt\"\n",
       " \"Sta_ID\"\n",
       " \"Depth_ID\"\n",
       " \"Depthm\"\n",
       " \"T_degC\"\n",
       " \"Salnty\"\n",
       " \"O2ml_L\"\n",
       " \"STheta\"\n",
       " \"O2Sat\"\n",
       " ⋮\n",
       " \"R_PRES\"\n",
       " \"R_SAMP\"\n",
       " \"DIC1\"\n",
       " \"DIC2\"\n",
       " \"TA1\"\n",
       " \"TA2\"\n",
       " \"pH2\"\n",
       " \"pH1\"\n",
       " \"DIC Quality Comment\""
      ]
     },
     "metadata": {},
     "output_type": "display_data"
    }
   ],
   "source": [
    "# @show(bt)\n",
    "@show(typeof(bt))\n",
    "@show(size(bt))\n",
    "@show(names(bt))"
   ]
  },
  {
   "cell_type": "markdown",
   "metadata": {},
   "source": [
    "# dataType\n",
    "\n",
    "Gives data type of each column in the dataset\n"
   ]
  },
  {
   "cell_type": "code",
   "execution_count": 111,
   "metadata": {},
   "outputs": [
    {
     "name": "stdout",
     "output_type": "stream",
     "text": [
      "column_types = Dict{String, Type}(\"pH2\" => Union{Missing, Float64}, \"SiO3uM\" => Union{Missing, Float64}, \"LightP\" => Union{Missing, Float64}, \"MeanAp\" => Union{Missing, Int64}, \"Cst_Cnt\" => Int64, \"TA2\" => Union{Missing, Float64}, \"R_O2\" => Union{Missing, Float64}, \"R_DYNHT\" => Union{Missing, Float64}, \"TA1\" => Union{Missing, Float64}, \"O2Satq\" => Union{Missing, Int64}, \"DarkAs\" => Union{Missing, Float64}, \"PO4q\" => Union{Missing, Int64}, \"R_SVA\" => Union{Missing, Float64}, \"NH3q\" => Union{Missing, Int64}, \"R_NO3\" => Union{Missing, Float64}, \"T_qual\" => Union{Missing, Int64}, \"R_SALINITY\" => Union{Missing, Float64}, \"O2ml_L\" => Union{Missing, Float64}, \"S_prec\" => Union{Missing, Int64}, \"STheta\" => Union{Missing, Float64}, \"Phaqua\" => Union{Missing, Int64}, \"Phaeop\" => Union{Missing, Float64}, \"IncTim\" => Union{Missing, String31}, \"Sta_ID\" => String15, \"S_qual\" => Union{Missing, Int64}, \"SiO3qu\" => Union{Missing, Int64}, \"R_CHLA\" => Union{Missing, Float64}, \"DIC1\" => Union{Missing, Float64}, \"BtlNum\" => Union{Missing, Int64}, \"DIC2\" => Union{Missing, Float64}, \"R_POTEMP\" => Union{Missing, Float64}, \"NO3q\" => Union{Missing, Int64}, \"C14A2q\" => Union{Missing, Int64}, \"O_qual\" => Union{Missing, Int64}, \"DarkAp\" => Union{Missing, Int64}, \"R_O2Sat\" => Union{Missing, Float64}, \"P_qual\" => Union{Missing, Int64}, \"R_TEMP\" => Union{Missing, Float64}, \"R_PO4\" => Union{Missing, Float64}, \"C14As1\" => Union{Missing, Float64}, \"C14As2\" => Union{Missing, Float64}, \"R_Depth\" => Float64, \"Chlqua\" => Union{Missing, Int64}, \"O2Sat\" => Union{Missing, Float64}, \"R_SAMP\" => Union{Missing, Int64}, \"MeanAs\" => Union{Missing, Float64}, \"DIC Quality Comment\" => Union{Missing, String}, \"Salnty\" => Union{Missing, Float64}, \"T_prec\" => Union{Missing, Int64}, \"Depth_ID\" => String, \"NO3uM\" => Union{Missing, Float64}, \"MeanAq\" => Union{Missing, Int64}, \"pH1\" => Union{Missing, Float64}, \"PO4uM\" => Union{Missing, Float64}, \"R_SIGMA\" => Union{Missing, Float64}, \"NO2q\" => Union{Missing, Int64}, \"R_NH4\" => Union{Missing, Float64}, \"R_NO2\" => Union{Missing, Float64}, \"R_SIO3\" => Union{Missing, Float64}, \"RecInd\" => Int64, \"SThtaq\" => Union{Missing, Int64}, \"C14A1p\" => Union{Missing, Int64}, \"T_degC\" => Union{Missing, Float64}, \"Depthm\" => Int64, \"ChlorA\" => Union{Missing, Float64}, \"C14A1q\" => Union{Missing, Int64}, \"Btl_Cnt\" => Int64, \"NH3uM\" => Union{Missing, Float64}, \"C14A2p\" => Union{Missing, Int64}, \"R_PHAEO\" => Union{Missing, Float64}, \"R_PRES\" => Int64, \"Oxy_µmol/Kg\" => Union{Missing, Float64}, \"NO2uM\" => Union{Missing, Float64}, \"DarkAq\" => Union{Missing, Int64})\n"
     ]
    },
    {
     "data": {
      "text/plain": [
       "Dict{String, Type} with 74 entries:\n",
       "  \"pH2\"        => Union{Missing, Float64}\n",
       "  \"SiO3uM\"     => Union{Missing, Float64}\n",
       "  \"LightP\"     => Union{Missing, Float64}\n",
       "  \"MeanAp\"     => Union{Missing, Int64}\n",
       "  \"Cst_Cnt\"    => Int64\n",
       "  \"TA2\"        => Union{Missing, Float64}\n",
       "  \"R_O2\"       => Union{Missing, Float64}\n",
       "  \"R_DYNHT\"    => Union{Missing, Float64}\n",
       "  \"TA1\"        => Union{Missing, Float64}\n",
       "  \"O2Satq\"     => Union{Missing, Int64}\n",
       "  \"DarkAs\"     => Union{Missing, Float64}\n",
       "  \"PO4q\"       => Union{Missing, Int64}\n",
       "  \"R_SVA\"      => Union{Missing, Float64}\n",
       "  \"NH3q\"       => Union{Missing, Int64}\n",
       "  \"R_NO3\"      => Union{Missing, Float64}\n",
       "  \"T_qual\"     => Union{Missing, Int64}\n",
       "  \"R_SALINITY\" => Union{Missing, Float64}\n",
       "  \"O2ml_L\"     => Union{Missing, Float64}\n",
       "  \"S_prec\"     => Union{Missing, Int64}\n",
       "  ⋮            => ⋮"
      ]
     },
     "metadata": {},
     "output_type": "display_data"
    }
   ],
   "source": [
    "column_types = Dict(name => eltype(bt[!, name]) for name in names(bt))\n",
    "@show(column_types)"
   ]
  },
  {
   "cell_type": "markdown",
   "metadata": {},
   "source": [
    "# count_missing(col)\n",
    "Counts number of missing data in a given col (Column)."
   ]
  },
  {
   "cell_type": "code",
   "execution_count": 65,
   "metadata": {},
   "outputs": [
    {
     "name": "stdout",
     "output_type": "stream",
     "text": [
      "count_missing(bt, \"Cst_Cnt\") = 0\n",
      "count_missing(bt, \"SiO3uM\") = 510772\n",
      "count_missing(bt, \"pH2\") = 864853\n"
     ]
    },
    {
     "data": {
      "text/plain": [
       "864853"
      ]
     },
     "metadata": {},
     "output_type": "display_data"
    }
   ],
   "source": [
    "# function count_missing(df::DataFrame, column_name::Symbol)\n",
    "function count_missing(df::DataFrame, column_name::String)\n",
    "    missing_count = count(ismissing, df[!, column_name])\n",
    "    # println(\"Registros faltantes en columna $column_name: $missing_count\")\n",
    "    return missing_count\n",
    "end\n",
    "\n",
    "@show count_missing(bt,\"Cst_Cnt\")\n",
    "@show count_missing(bt,\"SiO3uM\")\n",
    "@show count_missing(bt,\"pH2\")\n",
    "\n",
    "#Another form\n",
    "# function count_missing(df::DataFrame, column_name::Symbol)\n",
    "#     missing_count_A = count(ismissing, df[!, column_name])\n",
    "#     println(\"Registros faltantes en columna $column_name: $missing_count_A\")\n",
    "# end\n",
    "# count_missing(bt,:Cst_Cnt)\n",
    "# count_missing(bt,:SiO3uM)\n",
    "# count_missing(bt,:pH2)\n"
   ]
  },
  {
   "cell_type": "markdown",
   "metadata": {},
   "source": [
    "# dataMissingPercentage()\n",
    "\n",
    "Finds missing percentage of each column."
   ]
  },
  {
   "cell_type": "code",
   "execution_count": 162,
   "metadata": {},
   "outputs": [
    {
     "data": {
      "text/plain": [
       "74-element Vector{Float64}:\n",
       "  0.0\n",
       "  0.0\n",
       "  0.0\n",
       "  0.0\n",
       "  0.0\n",
       "  1.2675996082616552\n",
       "  5.475318056154559\n",
       " 19.501585800294382\n",
       "  6.092178761260454\n",
       " 23.54002888318728\n",
       "  ⋮\n",
       "  0.0\n",
       " 85.89302583183695\n",
       " 99.76886512661542\n",
       " 99.97409994415301\n",
       " 99.75903698042349\n",
       " 99.97294369165984\n",
       " 99.99884374750683\n",
       " 99.99028747905737\n",
       " 99.99364061128757"
      ]
     },
     "metadata": {},
     "output_type": "display_data"
    }
   ],
   "source": [
    "function dataMissingPercentage(df::DataFrame)\n",
    "    nrows = nrow(df)\n",
    "    missingPercentage=[count_missing(df,name) / nrows * 100 for name in names(df)]\n",
    "    # missingPercentage=[count_missing(df,name) for name in names(df)]\n",
    "    return missingPercentage\n",
    "end\n",
    "\n",
    "dataMissingPercentage(bt)"
   ]
  },
  {
   "cell_type": "markdown",
   "metadata": {},
   "source": [
    "# deleteColumns(threshold) \n",
    "\n",
    "Delete all the columns which have missing percent less than given threshold."
   ]
  },
  {
   "cell_type": "code",
   "execution_count": 164,
   "metadata": {},
   "outputs": [
    {
     "name": "stdout",
     "output_type": "stream",
     "text": [
      "size(bt) = (864863, 74)\n",
      "size(bt_thd) = (864863, 52)\n"
     ]
    },
    {
     "data": {
      "text/plain": [
       "(864863, 52)"
      ]
     },
     "metadata": {},
     "output_type": "display_data"
    }
   ],
   "source": [
    "\n",
    "function deleteColumns(df::DataFrame,threshold::Int64)\n",
    "    nrows = nrow(df)\n",
    "    mpv = dataMissingPercentage(df)\n",
    "    i=1\n",
    "    dfnew=copy(df)\n",
    "    for name in names(df)\n",
    "       if mpv[i] > (100-threshold)\n",
    "        # println(\"Borrado \",name,\" \", mpv[i])\n",
    "        select!(dfnew, Not(name))\n",
    "      # else\n",
    "      # println(\"Se queda \",name,\" \", mpv[i])\n",
    "       end\n",
    "       i=i+1   \n",
    "    end \n",
    "    return dfnew\n",
    "end\n",
    "\n",
    "# function deleteColumns(df::DataFrame,threshold::Int64)\n",
    "#   dfnew=copy(df)\n",
    "#   # select!(dfnew, Not(names(dfnew)[eltype.(dfnew) .== String]))\n",
    "#   select!(dfnew, Not(names(dfnew)[eltype.(dfnew) .== String]))\n",
    "#   return dfnew\n",
    "# end\n",
    "\n",
    "bt_thd=deleteColumns(bt,10)\n",
    "@show(size(bt))\n",
    "@show(size(bt_thd))\n",
    "# @show(names(df_thd))\n"
   ]
  },
  {
   "cell_type": "markdown",
   "metadata": {},
   "source": [
    "# calculateCorrelation()\n",
    "\n",
    "Creates correlation matrix between columns."
   ]
  },
  {
   "cell_type": "code",
   "execution_count": 166,
   "metadata": {},
   "outputs": [
    {
     "name": "stdout",
     "output_type": "stream",
     "text": [
      "size(dfnew) = (864863, 70)\n",
      "size(df_filled) = (864863, 70)\n",
      "size(df_clean) = (864863, 70)\n",
      "size(dfnew) = (864863, 50)\n",
      "size(df_filled) = (864863, 50)\n",
      "size(df_clean) = (864863, 50)\n"
     ]
    },
    {
     "data": {
      "text/plain": [
       "50×50 Matrix{Float64}:\n",
       "  1.0           0.999345     -0.162222    …  -0.161961    -0.0420854\n",
       "  0.999345      1.0          -0.161617       -0.161348    -0.046796\n",
       " -0.162222     -0.161617      1.0             0.999994    -0.00413708\n",
       "  0.0887829     0.0895807    -0.678628       -0.677289     0.00210352\n",
       " -0.189893     -0.187243      0.543326        0.542121    -0.000220042\n",
       "  0.146288      0.14457      -0.532769    …  -0.53124      0.0210291\n",
       " -0.0857483    -0.0854084     0.551689        0.550416    -0.00262854\n",
       "  0.122815      0.121268     -0.512682       -0.511196     0.019254\n",
       "  0.132695      0.130957     -0.507193       -0.505668     0.0211274\n",
       " -0.00184103   -0.00214028   -0.12941        -0.128976     0.080134\n",
       "  ⋮                                       ⋱               \n",
       "  0.120155      0.118613     -0.511864       -0.510375     0.0195573\n",
       " -0.0178161    -0.0174072     0.422068        0.421443    -0.0171924\n",
       " -0.107526     -0.107148      0.42284         0.421761    -0.0195108\n",
       " -0.000543621   0.000271974   0.304043        0.303139    -0.0193811\n",
       "  0.000803242   0.00192963   -0.068264    …  -0.0680751   -0.0049222\n",
       "  0.00109725    0.00197475   -0.026688       -0.0265632   -0.00455044\n",
       " -0.0076676    -0.00732341   -0.019226       -0.0191644    0.000529558\n",
       " -0.161961     -0.161348      0.999994        1.0         -0.00427884\n",
       " -0.0420854    -0.046796     -0.00413708     -0.00427884   1.0"
      ]
     },
     "metadata": {},
     "output_type": "display_data"
    }
   ],
   "source": [
    "function calculateCorrelation(df::DataFrame)\n",
    "    dfnew=copy(df)\n",
    "    # Eliminar el `Union{Missing}` y mantener solo el tipo base\n",
    "    for col in names(dfnew)\n",
    "        col_type = eltype(dfnew[!, col])\n",
    "        if !(col_type <: Union{Number, Missing})\n",
    "            select!(dfnew, Not(col))\n",
    "        end\n",
    "    end\n",
    "    @show size(dfnew)\n",
    "\n",
    "    # Rellenando valores Missing con la media de la columna\n",
    "    df_filled = mapcols(x -> coalesce.(x, mean(skipmissing(x))), dfnew)\n",
    "    @show size(df_filled)\n",
    "\n",
    "    # df_clean = dropmissing(df_filled)\n",
    "    # @show size(df_clean)\n",
    "\n",
    "    corr_matrix = cor(Matrix(df_filled))  # Convertir el DataFrame a una matriz numérica\n",
    "    \n",
    "    return corr_matrix\n",
    "end\n",
    "\n",
    "cmbt = calculateCorrelation(bt)\n",
    "cmbt_thd = calculateCorrelation(bt_thd)"
   ]
  },
  {
   "cell_type": "code",
   "execution_count": 167,
   "metadata": {},
   "outputs": [
    {
     "name": "stdout",
     "output_type": "stream",
     "text": [
      "size(cmbt) = (70, 70)\n",
      "cmbt[1:10, 1:10] = [1.0 0.9993450094378044 -0.16222238751806053 0.08878292114394946 -0.1898925540587261 0.1462875856585653 -0.08574833155363527 0.12281513425750924 0.13269543285012672 -0.0018410285643033727; 0.9993450094378044 1.0 -0.16161667042737526 0.08958069567452359 -0.18724345823378102 0.14456984772629172 -0.08540835481739179 0.12126783059138431 0.13095672183252913 -0.002140278302175322; -0.16222238751806053 -0.16161667042737526 1.0 -0.6786277885271654 0.5433259710800871 -0.5327689616417053 0.5516892005271152 -0.512681767277825 -0.5071930808281877 -0.1294100011809326; 0.08878292114394946 0.08958069567452359 -0.6786277885271654 1.0 -0.48996716591512623 0.7127312543673204 -0.804294859725953 0.7451306841867172 0.6968990414982569 0.23728462244791834; -0.1898925540587261 -0.18724345823378102 0.5433259710800871 -0.48996716591512623 1.0 -0.7220557948785781 0.6011370702885891 -0.7084071405308671 -0.7389748915689405 -0.22701997311276115; 0.1462875856585653 0.14456984772629172 -0.5327689616417053 0.7127312543673204 -0.7220557948785781 1.0 -0.6749937467912556 0.96581431936706 0.9724061580505325 0.2774174352564159; -0.08574833155363527 -0.08540835481739179 0.5516892005271152 -0.804294859725953 0.6011370702885891 -0.6749937467912556 1.0 -0.7240452437758986 -0.6943283518071486 -0.21663616806605246; 0.12281513425750924 0.12126783059138431 -0.512681767277825 0.7451306841867172 -0.7084071405308671 0.96581431936706 -0.7240452437758986 1.0 0.9933355307630571 0.28905130691159775; 0.13269543285012672 0.13095672183252913 -0.5071930808281877 0.6968990414982569 -0.7389748915689405 0.9724061580505325 -0.6943283518071486 0.9933355307630571 1.0 0.28447098555703504; -0.0018410285643033727 -0.002140278302175322 -0.1294100011809326 0.23728462244791834 -0.22701997311276115 0.2774174352564159 -0.21663616806605246 0.28905130691159775 0.28447098555703504 1.0]\n",
      "size(cmbt_thd) = (50, 50)\n",
      "cmbt_thd[1:10, 1:10] = [1.0 0.9993450094378044 -0.16222238751806053 0.08878292114394946 -0.1898925540587261 0.1462875856585653 -0.08574833155363527 0.12281513425750924 0.13269543285012672 -0.0018410285643033727; 0.9993450094378044 1.0 -0.16161667042737526 0.08958069567452359 -0.18724345823378102 0.14456984772629172 -0.08540835481739179 0.12126783059138431 0.13095672183252913 -0.002140278302175322; -0.16222238751806053 -0.16161667042737526 1.0 -0.6786277885271654 0.5433259710800871 -0.5327689616417053 0.5516892005271152 -0.512681767277825 -0.5071930808281877 -0.1294100011809326; 0.08878292114394946 0.08958069567452359 -0.6786277885271654 1.0 -0.48996716591512623 0.7127312543673204 -0.804294859725953 0.7451306841867172 0.6968990414982569 0.23728462244791834; -0.1898925540587261 -0.18724345823378102 0.5433259710800871 -0.48996716591512623 1.0 -0.7220557948785781 0.6011370702885891 -0.7084071405308671 -0.7389748915689405 -0.22701997311276115; 0.1462875856585653 0.14456984772629172 -0.5327689616417053 0.7127312543673204 -0.7220557948785781 1.0 -0.6749937467912556 0.96581431936706 0.9724061580505325 0.2774174352564159; -0.08574833155363527 -0.08540835481739179 0.5516892005271152 -0.804294859725953 0.6011370702885891 -0.6749937467912556 1.0 -0.7240452437758986 -0.6943283518071486 -0.21663616806605246; 0.12281513425750924 0.12126783059138431 -0.512681767277825 0.7451306841867172 -0.7084071405308671 0.96581431936706 -0.7240452437758986 1.0 0.9933355307630571 0.28905130691159775; 0.13269543285012672 0.13095672183252913 -0.5071930808281877 0.6968990414982569 -0.7389748915689405 0.9724061580505325 -0.6943283518071486 0.9933355307630571 1.0 0.28447098555703504; -0.0018410285643033727 -0.002140278302175322 -0.1294100011809326 0.23728462244791834 -0.22701997311276115 0.2774174352564159 -0.21663616806605246 0.28905130691159775 0.28447098555703504 1.0]\n"
     ]
    },
    {
     "data": {
      "text/plain": [
       "10×10 Matrix{Float64}:\n",
       "  1.0          0.999345    -0.162222  …   0.122815   0.132695  -0.00184103\n",
       "  0.999345     1.0         -0.161617      0.121268   0.130957  -0.00214028\n",
       " -0.162222    -0.161617     1.0          -0.512682  -0.507193  -0.12941\n",
       "  0.0887829    0.0895807   -0.678628      0.745131   0.696899   0.237285\n",
       " -0.189893    -0.187243     0.543326     -0.708407  -0.738975  -0.22702\n",
       "  0.146288     0.14457     -0.532769  …   0.965814   0.972406   0.277417\n",
       " -0.0857483   -0.0854084    0.551689     -0.724045  -0.694328  -0.216636\n",
       "  0.122815     0.121268    -0.512682      1.0        0.993336   0.289051\n",
       "  0.132695     0.130957    -0.507193      0.993336   1.0        0.284471\n",
       " -0.00184103  -0.00214028  -0.12941       0.289051   0.284471   1.0"
      ]
     },
     "metadata": {},
     "output_type": "display_data"
    }
   ],
   "source": [
    "@show(size(cmbt))\n",
    "@show(cmbt[1:10,1:10])\n",
    "\n",
    "@show(size(cmbt_thd))\n",
    "@show(cmbt_thd[1:10,1:10])"
   ]
  },
  {
   "cell_type": "markdown",
   "metadata": {},
   "source": [
    "# displayCorrelation() \n",
    "\n",
    "Dislpay correlation using heatmap."
   ]
  },
  {
   "cell_type": "code",
   "execution_count": 171,
   "metadata": {},
   "outputs": [
    {
     "data": {
